emb_mat:  
[[0.0, 0.27422797679901123, 0.2894519567489624, 0.34026193618774414, 0.27109968662261963, 0.15768224000930786, 0.18830764293670654, 0.17797315120697021, 0.3143957853317261, 0.2902207374572754, 0.3766363263130188, 0.3215451240539551, 0.40129077434539795, 0.29090285301208496], 
[0.27422797679901123, 0.0, 0.1922261118888855, 0.3612883687019348, 0.21871596574783325, 0.32870757579803467, 0.25493890047073364, 0.1901465654373169, 0.2666934132575989, 0.34557437896728516, 0.3225909471511841, 0.18242096900939941, 0.40046459436416626, 0.22388982772827148], 
[0.2894519567489624, 0.1922261118888855, 0.0, 0.35052669048309326, 0.2634150981903076, 0.3058825731277466, 0.2936694025993347, 0.22265470027923584, 0.23162633180618286, 0.3020036220550537, 0.19999676942825317, 0.1619754433631897, 0.4121219515800476, 0.24782037734985352], 
[0.34026193618774414, 0.3612883687019348, 0.35052669048309326, 0.0, 0.27963608503341675, 0.35964393615722656, 0.34661799669265747, 0.2896794080734253, 0.26214295625686646, 0.14748263359069824, 0.2953491806983948, 0.40056872367858887, 0.166700541973114, 0.42058515548706055], 
[0.27109968662261963, 0.21871596574783325, 0.2634150981903076, 0.27963608503341675, 0.0, 0.3149108290672302, 0.238059401512146, 0.21236532926559448, 0.25398266315460205, 0.2875027060508728, 0.2730242609977722, 0.26046955585479736, 0.3151342272758484, 0.33268409967422485], 
[0.15768224000930786, 0.32870757579803467, 0.3058825731277466, 0.35964393615722656, 0.3149108290672302, 0.0, 0.3116682171821594, 0.19489914178848267, 0.33272939920425415, 0.31771570444107056, 0.39545249938964844, 0.35309016704559326, 0.4132578372955322, 0.3412442207336426], 
[0.18830764293670654, 0.25493890047073364, 0.2936694025993347, 0.34661799669265747, 0.238059401512146, 0.3116682171821594, 0.0, 0.24351906776428223, 0.31827056407928467, 0.3172535300254822, 0.38049209117889404, 0.29549479484558105, 0.3855081796646118, 0.27873653173446655], 
[0.17797315120697021, 0.1901465654373169, 0.22265470027923584, 0.2896794080734253, 0.21236532926559448, 0.19489914178848267, 0.24351906776428223, 0.0, 0.25080162286758423, 0.26010555028915405, 0.3214012384414673, 0.25492048263549805, 0.35151922702789307, 0.2214449644088745], 
[0.3143957853317261, 0.2666934132575989, 0.23162633180618286, 0.26214295625686646, 0.25398266315460205, 0.33272939920425415, 0.31827056407928467, 0.25080162286758423, 0.0, 0.20988208055496216, 0.24912375211715698, 0.2778334617614746, 0.2409217357635498, 0.3396199345588684], 
[0.2902207374572754, 0.34557437896728516, 0.3020036220550537, 0.14748263359069824, 0.2875027060508728, 0.31771570444107056, 0.3172535300254822, 0.26010555028915405, 0.20988208055496216, 0.0, 0.2700575590133667, 0.36851388216018677, 0.17069333791732788, 0.4062548875808716], 
[0.3766363263130188, 0.3225909471511841, 0.19999676942825317, 0.2953491806983948, 0.2730242609977722, 0.39545249938964844, 0.38049209117889404, 0.3214012384414673, 0.24912375211715698, 0.2700575590133667, 0.0, 0.3098490238189697, 0.3174206018447876, 0.3970497250556946], 
[0.3215451240539551, 0.18242096900939941, 0.1619754433631897, 0.40056872367858887, 0.26046955585479736, 0.35309016704559326, 0.29549479484558105, 0.25492048263549805, 0.2778334617614746, 0.36851388216018677, 0.3098490238189697, 0.0, 0.4474638104438782, 0.252067506313324], 
[0.40129077434539795, 0.40046459436416626, 0.4121219515800476, 0.166700541973114, 0.3151342272758484, 0.4132578372955322, 0.3855081796646118, 0.35151922702789307, 0.2409217357635498, 0.17069333791732788, 0.3174206018447876, 0.4474638104438782, 0.0, 0.4555385708808899], 
[0.29090285301208496, 0.22388982772827148, 0.24782037734985352, 0.42058515548706055, 0.33268409967422485, 0.3412442207336426, 0.27873653173446655, 0.2214449644088745, 0.3396199345588684, 0.4062548875808716, 0.3970497250556946, 0.252067506313324, 0.4555385708808899, 0.0]]
coords:  [[-0.17538109 -0.1026728 ]
 [ 0.03828234 -0.15528019]
 [ 0.14669317 -0.04231443]
 [-0.10693576  0.21420646]
 [-0.00494616 -0.00161215]
 [-0.24323589 -0.03507361]
 [-0.09893871 -0.18665856]
 [-0.08549954 -0.03912005]
 [ 0.07863766  0.11421426]
 [-0.04948303  0.17885185]
 [ 0.20396103  0.12443328]
 [ 0.11353875 -0.1727554 ]
 [-0.00540165  0.28794633]
 [ 0.18870889 -0.18416499]]
kmeans.labels_:  [1 2 2 0 1 1 1 1 0 0 0 2 0 2]
Picked up the target photo:  0
Put the photo into directory:  testPics/training/level-1
Picked up the target photo:  4
Put the photo into directory:  testPics/training/level-1
Picked up the target photo:  5
Put the photo into directory:  testPics/training/level-1
Picked up the target photo:  6
Put the photo into directory:  testPics/training/level-1
Picked up the target photo:  7
Put the photo into directory:  testPics/training/level-1
Picked up the target photo:  1
Put the photo into directory:  testPics/training/level-2
Picked up the target photo:  2
Put the photo into directory:  testPics/training/level-2
Picked up the target photo:  11
Put the photo into directory:  testPics/training/level-2
Picked up the target photo:  13
Put the photo into directory:  testPics/training/level-2