[[0.0, 0.0442657470703125, 0.14558088779449463, 0.26499879360198975, 0.2418922781944275, 0.38142621517181396, 0.1259724497795105, 0.4081078767776489], 
[0.0442657470703125, 0.0, 0.1475551724433899, 0.2447451949119568, 0.23297840356826782, 0.36712485551834106, 0.1291334629058838, 0.37092727422714233], 
[0.14558088779449463, 0.1475551724433899, 0.0, 0.24578005075454712, 0.214665949344635, 0.3251837491989136, 0.13183540105819702, 0.35747861862182617], 
[0.26499879360198975, 0.2447451949119568, 0.24578005075454712, 0.0, 0.29940593242645264, 0.2993048429489136, 0.2707281708717346, 0.3609796166419983], 
[0.2418922781944275, 0.23297840356826782, 0.214665949344635, 0.29940593242645264, 0.0, 0.210604727268219, 0.21402978897094727, 0.3714953660964966], 
[0.38142621517181396, 0.36712485551834106, 0.3251837491989136, 0.2993048429489136, 0.210604727268219, 0.0, 0.3292052149772644, 0.3997892737388611], 
[0.1259724497795105, 0.1291334629058838, 0.13183540105819702, 0.2707281708717346, 0.21402978897094727, 0.3292052149772644, 0.0, 0.4328807592391968], 
[0.4081078767776489, 0.37092727422714233, 0.35747861862182617, 0.3609796166419983, 0.3714953660964966, 0.3997892737388611, 0.4328807592391968, 0.0]]